Constant Estimations
6405.2
5894.2
9486.3
9041.5
8118.15
9437.0
10311.05
8841.05
8349.425
7978.775
8547.325
8112.65
12652.3
11686.1375
11926.0875
12089.375
14509.85
15060.12
14349.39
14716.94
25332.61
32014.04
45198.68
49866.5
103815.355
95959.6875
94666.875
60785.62
93080.27125
90235.025
91000.97375
90651.90125
112869.854
115258.621
113622.607
109107.647
215548.3655
219254.0955
218257.79
214704.9965
429259.6675
418652.529
417196.26375
416748.4685
863676.629625
850087.976
859639.8365
841413.700375
1067563.233
1088618.475
1070394.3202
1085650.8477
2094902.4322
2164004.20395
2145842.25265
2151495.39595
4403800.8322
4480640.067775
4413028.4102
4525377.0192
9397312.132325
10185091.090325
10578334.5158875
10060930.879325
14246531.5366
13245233.23338
12964039.06635
