Constant Estimates
2429.6
2398.7
2457.9
2205.5
3645.2
3586.95
4124.9
3732.7
6617.95
6344.025
6871.125
8338.35
12060.4
11188.7
13356.2
14718.0875
15650.36
15053.04
15341.06
15979.63
28728.195
28525.355
33465.465
28670.455
56169.805
52690.505
54662.98
53638.085
108031.53
106931.995
108838.6625
105776.92
130312.373
130926.826
133367.566
135190.794
266210.9465
262575.872
282995.285
304278.0205
583650.63325
493507.00675
496804.58025
522725.3435
1073847.99975
1014186.48625
1072186.475625
1089634.3585
1380742.1139
1679087.5169
1636919.1532
1254161.7237
2624614.2903
2645686.31485
2509930.94105
2615750.69125
5247378.07875
5010449.8518
5304311.88735
5514042.9828
10047425.1067
10392495.020275
10384577.47595
10344348.194975
13050929.98945
13032683.78091
12402945.40287
