Constant Estimations
5954.5
7412.8
8612.2
6819.4
8941.0
7647.7
10596.65
8375.25
10974.125
9431.075
9433.925
10282.95
16872.2875
16610.9625
15223.7125
18891.4875
21123.19
16662.59
18295.05
18770.37
28669.245
30142.155
32872.64
32361.175
57935.29
47096.515
54716.675
48991.1275
97769.88625
99875.05875
103778.71875
98264.79125
118273.829
124417.44
128569.785
124800.264
261288.4235
236986.631
238266.858
242655.194
503401.516
506258.4805
511770.99875
507992.5495
1030318.908875
1016414.097375
935972.04
1030259.411
1206814.4265
1168585.5017
1138905.5672
1181059.6339
2475157.20855
2451945.46005
2450633.9631
2459643.20215
5623573.868525
5614266.193125
5954348.376625
5751164.4762
13189661.90205
12582136.1371
12529665.6181875
12301256.7568875
15924180.974
15462407.77725
15319884.78873
